例題
https://github.com/y-uti/pohlite-data-generator
からサンプルデータを勝手に一部拝借

Q.10社
A.9526

90
10
8 768
11 1028
7 593
9 1027
7 806
11 954
9 811
9 960
11 1244
14 1335


Q.20社
A.14499

150
20
10 1059
7 644
13 1305
11 1069
9 927
15 1615
16 1646
9 1074
11 1075
11 1031
12 1257
14 1226
10 925
8 927
9 817
9 835
10 927
10 1013
10 1127
18 1991


Q.30社
A.24482

250
30
10 1059
7 644
13 1305
11 1069
9 927
15 1615
16 1646
9 1074
11 1075
11 1031
12 1257
14 1226
10 925
8 927
9 817
9 835
10 927
10 1013
10 1127
18 1991
8 792
9 890
17 1606
11 1110
7 652
14 1408
14 1630
8 847
14 1421
6 699



Q.40社
A.23999

250
40
10 1059
7 644
13 1305
11 1069
9 927
15 1615
16 1646
9 1074
11 1075
11 1031
12 1257
14 1226
10 925
8 927
9 817
9 835
10 927
10 1013
10 1127
18 1991
8 792
9 890
17 1606
11 1110
7 652
14 1408
14 1630
8 847
14 1421
6 699
10 1133
11 1148
12 1394
12 1206
8 752
13 1078
13 1290
10 1126
7 765
9 1118


Q.50
A.22516

250
50
8 768
11 1028
7 593
9 1027
7 806
11 954
9 811
9 960
11 1244
14 1335
18 1563
9 925
10 1003
9 852
7 699
11 1180
13 1194
9 956
8 934
7 664
11 1225
11 1099
8 791
11 932
8 821
9 878
11 1259
11 1172
8 792
7 653
12 1262
12 1094
10 838
10 1075
7 691
19 2039
10 959
9 919
15 1712
10 995
12 1349
11 750
9 748
19 2028
10 863
11 885
5 562
14 1327
17 1681
9 829
